0.015-0.249 0.133
0.049-0.159 0.445
0.084 0.157 0.562
0.118 0.374 0.673
0.152 0.737 0.746
0.186 0.851 0.775
0.220 1.054 0.767
0.254 1.376 0.777
0.288 1.682 0.802
0.322 1.795 0.784
0.356 1.889 0.784
0.391 2.095 0.778
0.425 2.162 0.812
0.459 2.296 0.778
0.493 2.424 0.820
0.527 2.369 0.792
0.561 2.439 0.792
0.595 2.432 0.787
0.629 2.354 0.796
0.664 2.426 0.783
0.698 2.256 0.768
0.732 2.141 0.815
0.766 1.946 0.767
0.800 1.852 0.746
0.834 1.544 0.722
0.868 1.379 0.723
0.902 1.267 0.656
0.937 0.872 0.466
0.971 0.619 0.257
1.005 0.501-0.049
1.039 0.172-0.342
1.073-0.063-0.552
1.107-0.306-0.683
1.141-0.587-0.724
1.175-0.811-0.747
1.210-1.066-0.761
1.244-1.311-0.752
1.278-1.545-0.752
1.312-1.790-0.760
1.346-1.884-0.798
1.380-1.966-0.765
1.414-2.128-0.777
1.448-2.173-0.765
1.483-2.420-0.775
1.517-2.494-0.750
1.551-2.467-0.767
1.585-2.459-0.774
1.619-2.382-0.788
1.653-2.409-0.775
1.687-2.266-0.798
1.722-2.239-0.820
1.756-1.998-0.758
1.790-1.924-0.800
1.824-1.694-0.770
1.858-1.497-0.722
1.892-1.196-0.677
1.926-1.073-0.527
1.960-0.739-0.341
1.994-0.465-0.029
2.029-0.237 0.258
2.063 0.103 0.502
2.097 0.231 0.615
2.131 0.412 0.711
2.165 0.778 0.738
2.199 1.052 0.762
2.233 1.182 0.801
2.268 1.475 0.783
2.302 1.627 0.777
2.336 1.864 0.828
2.370 1.985 0.787
2.404 2.171 0.768
2.438 2.231 0.791
2.472 2.301 0.762
2.506 2.277 0.812
2.541 2.443 0.778
2.575 2.459 0.780
2.609 2.452 0.789
2.643 2.363 0.777
2.677 2.243 0.794
2.711 2.256 0.773
2.745 2.144 0.790
2.779 1.867 0.765
2.813 1.814 0.762
2.848 1.587 0.737
2.882 1.351 0.661
2.916 1.161 0.574
2.950 0.876 0.424
2.984 0.647 0.129
3.018 0.324-0.148
3.052 0.024-0.420
3.086-0.079-0.592
3.121-0.359-0.710
3.155-0.638-0.738
3.189-0.865-0.784
3.223-1.216-0.755
3.257-1.430-0.782
3.291-1.617-0.786
3.325-1.758-0.783
3.359-1.914-0.792
3.394-2.076-0.813
3.428-2.229-0.768
3.462-2.349-0.769
3.496-2.439-0.788
3.530-2.472-0.766
3.564-2.488-0.766
3.598-2.418-0.776
3.632-2.336-0.796
3.667-2.202-0.799
3.701-2.245-0.771
3.735-2.145-0.788
3.769-1.941-0.789
3.803-1.865-0.739
3.837-1.526-0.758
3.871-1.445-0.705
3.905-1.202-0.633
3.939-0.916-0.456
3.974-0.707-0.246
4.008-0.360 0.071
4.042-0.201 0.381
4.076 0.059 0.562
4.110 0.333 0.678
4.144 0.682 0.757
4.178 0.878 0.741
4.213 1.131 0.770
4.247 1.354 0.777
4.281 1.554 0.773
4.315 1.759 0.779
4.349 1.938 0.771
4.383 2.086 0.814
4.417 2.256 0.795
4.451 2.192 0.777
4.486 2.353 0.777
4.520 2.437 0.801
4.554 2.496 0.789
4.588 2.501 0.747
4.622 2.476 0.794
4.656 2.391 0.782
4.690 2.234 0.830
4.724 2.200 0.767
4.758 1.949 0.780
4.793 1.797 0.790
4.827 1.610 0.723
4.861 1.428 0.763
4.895 1.292 0.649
4.929 1.020 0.507
4.963 0.786 0.316
4.997 0.584-0.000
5.032 0.297-0.286
5.066-0.017-0.484
5.100-0.304-0.627
5.134-0.482-0.698
5.168-0.842-0.737
5.202-1.018-0.782
5.236-1.219-0.736
5.270-1.562-0.758
5.304-1.721-0.785
5.339-1.865-0.775
5.373-1.956-0.814
5.407-2.130-0.780
5.441-2.221-0.789
5.475-2.367-0.789
5.509-2.428-0.796
5.543-2.463-0.810
5.577-2.475-0.781
5.612-2.388-0.820
5.646-2.424-0.793
5.680-2.199-0.801
5.714-2.232-0.762
5.748-2.148-0.773
5.782-1.971-0.770
5.816-1.722-0.771
5.851-1.488-0.733
5.885-1.312-0.662
5.919-1.150-0.596
5.953-0.895-0.376
5.987-0.612-0.123
6.021-0.371 0.183
6.055-0.050 0.480
6.089 0.207 0.616
6.123 0.422 0.698
6.158 0.832 0.750
6.192 0.957 0.800
6.226 1.140 0.793
6.260 1.439 0.785
6.294 1.588 0.757
6.328 1.812 0.779
6.362 1.815 0.790
6.396 2.154 0.792
6.431 2.274 0.789
6.465 2.319 0.780
6.499 2.409 0.791
6.533 2.357 0.766
6.567 2.512 0.782
6.601 2.459 0.774
6.635 2.403 0.798
6.670 2.266 0.784
6.704 2.211 0.784
6.738 2.190 0.790
6.772 1.857 0.776
6.806 1.775 0.737
6.840 1.605 0.739
6.874 1.386 0.729
6.908 1.172 0.628
6.942 0.889 0.481
6.977 0.659 0.222
7.011 0.365-0.093
7.045 0.188-0.368
7.079-0.104-0.574
7.113-0.391-0.679
7.147-0.589-0.741
7.181-0.868-0.772
7.215-1.092-0.760
7.250-1.287-0.771
7.284-1.545-0.774
7.318-1.742-0.777
7.352-1.914-0.783
7.386-2.046-0.779
7.420-2.190-0.773
7.454-2.278-0.798
7.488-2.371-0.779
7.523-2.413-0.799
7.557-2.503-0.787
7.591-2.338-0.765
7.625-2.428-0.770
7.659-2.301-0.796
7.693-2.196-0.791
7.727-2.145-0.780
7.761-2.020-0.780
7.795-1.761-0.760
7.830-1.702-0.756
7.864-1.401-0.708
7.898-1.215-0.652
7.932-1.028-0.541
7.966-0.799-0.286
8.000-0.458 0.028
8.034-0.357 0.277
8.069 0.025 0.521
8.103 0.273 0.673
8.137 0.539 0.700
8.171 0.803 0.790
8.205 1.021 0.772
8.239 1.327 0.758
8.273 1.562 0.791
8.307 1.718 0.805
8.341 1.738 0.809
8.376 2.112 0.785
8.410 2.134 0.788
8.444 2.276 0.792
8.478 2.398 0.776
8.512 2.469 0.775
8.546 2.406 0.780
8.580 2.490 0.799
8.614 2.431 0.778
8.649 2.350 0.756
8.683 2.286 0.776
8.717 2.199 0.778
8.751 2.095 0.767
8.785 1.821 0.749
8.819 1.642 0.737
8.853 1.581 0.731
8.887 1.344 0.683
8.922 1.109 0.554
8.956 0.848 0.384
8.990 0.539 0.082
9.024 0.253-0.236
9.058 0.006-0.466
9.092-0.324-0.648
9.126-0.498-0.728
9.161-0.733-0.762
9.195-0.922-0.730
9.229-1.221-0.760
9.263-1.507-0.758
9.297-1.624-0.768
9.331-1.911-0.799
9.365-1.981-0.793
9.399-2.080-0.788
9.434-2.279-0.764
9.468-2.315-0.812
9.502-2.402-0.765
9.536-2.527-0.787
9.570-2.427-0.782
9.604-2.405-0.780
9.638-2.326-0.779
9.672-2.342-0.784
9.707-2.213-0.834
9.741-2.161-0.785
9.775-1.952-0.788
9.809-1.690-0.756
9.843-1.606-0.733
9.877-1.345-0.723
9.911-1.140-0.609
9.945-0.980-0.437
9.979-0.607-0.192
10.014-0.4230.148
10.048-0.1280.391
10.082 0.0930.577
10.116 0.3120.658
10.150 0.7010.740
10.184 0.90 0.758
10.218 1.1110.794
10.252 1.3440.762
10.287 1.6070.771
10.321 1.7380.785
10.355 2.0190.781
10.389 2.07 0.761
10.423 2.2050.788
10.457 2.2180.767
10.491 2.3990.758
10.525 2.3910.793
10.560 2.4210.775
10.594 2.4820.795
10.628 2.4550.785
10.662 2.3420.786
10.696 2.09 0.783
10.730 2.1230.776
10.764 1.8950.797
10.798 1.8250.769
10.833 1.6930.773
10.867 1.3450.706
10.901 1.2610.651
10.935 1.0550.510
10.969 0.7220.261
11.003 0.574-0.050
11.037 0.189-0.301
11.071-0.039-0.550
11.106-0.258-0.645
11.140-0.599-0.715
11.174-0.903-0.779
11.208-1.069-0.779
11.242-1.243-0.783
11.276-1.472-0.791
11.310-1.712-0.788
11.344-1.936-0.792
11.379-2.043-0.785
11.413-2.218-0.803
11.447-2.292-0.784
11.481-2.375-0.792
11.515-2.355-0.784
11.549-2.403-0.788
11.583-2.424-0.762
11.617-2.400-0.773
11.652-2.403-0.809
11.686-2.258-0.795
11.720-2.126-0.769
11.754-2.058-0.779
11.788-1.859-0.762
11.822-1.753-0.774
11.856-1.524-0.741
11.890-1.253-0.681
11.925-1.002-0.574
11.959-0.784-0.353
11.993-0.510-0.076
12.027-0.302 0.245
12.061 0.050 0.476
12.095 0.266 0.607
12.129 0.480 0.731
12.163 0.731 0.729
12.197 0.954 0.773
12.232 1.113 0.769
12.266 1.533 0.794
12.300 1.639 0.774
12.334 1.872 0.799
12.368 2.035 0.766
12.402 2.067 0.787
12.436 2.250 0.798
12.470 2.428 0.815
12.505 2.481 0.799
12.539 2.393 0.781
12.573 2.427 0.780
12.607 2.408 0.771
12.641 2.347 0.792
12.675 2.235 0.787
12.709 2.109 0.777
12.743 2.067 0.780
12.778 1.922 0.780
12.812 1.836 0.766
12.846 1.554 0.746
12.880 1.395 0.718
12.914 1.098 0.609
12.948 0.859 0.431
12.982 0.630 0.175
13.017 0.347-0.179
13.051 0.147-0.418
13.085-0.261-0.579
13.119-0.382-0.664
13.153-0.605-0.746
13.187-0.956-0.783
13.221-1.233-0.781
13.255-1.383-0.808
13.290-1.635-0.749
13.324-1.758-0.807
13.358-1.932-0.784
13.392-2.119-0.777
13.426-2.204-0.785
13.460-2.331-0.777
13.494-2.327-0.785
13.528-2.318-0.811
13.562-2.430-0.775
13.597-2.406-0.781
13.631-2.414-0.799
13.665-2.278-0.761
13.699-2.349-0.794
13.733-2.069-0.810
13.767-1.971-0.764
13.801-1.832-0.768
13.835-1.608-0.762
13.870-1.369-0.705
13.904-1.201-0.627
13.938-0.979-0.476
13.972-0.723-0.263
14.006-0.563 0.070
14.040-0.208 0.374
14.074 0.021 0.537
14.108 0.309 0.662
14.143 0.563 0.705
14.177 0.836 0.721
14.211 1.070 0.746
14.245 1.202 0.793
14.279 1.434 0.792
14.313 1.721 0.822
14.347 1.918 0.771
